100010101
100010102
100010103
100010104
100010105
100010106
100010107
100010108
100010109
100010110
100010201
100010202
100010203
100010204
100010205
100010206
100010207
100010208
100010209
100010210
100010211
100010212
100010301
100010302
100010303
100010304
100010305
100010306
100010307
100010308
100010309
100010310
100010311
100010312
100010401
100010402
100010403
100010404
100010405
100010406
100010407
100010408
100010409
100010410
100010411
100010412
100010413
100010414
100010501
100010502
100010503
100010504
100010505
100010506
100010507
100010508
100010509
100010510
100010511
100010512
100020101
100020102
100020103
100020104
100020105
100020106
100020107
100020108
100020109
100020110
100020111
100020112
100020113
100020114
100020115
100020116
100020201
100020202
100020203
100020204
100020205
100020206
100020207
100020208
100020209
100020210
100020211
100020212
100020213
100020214
100020215
100020216
100020301
100020302
100020303
100020304
100020305
100020306
100020307
100020308
100020309
100020310
100020311
100020312
100020313
100020314
100020315
100030101
100030102
100030103
100030104
100030105
100030106
100030107
100030108
100030109
100030110
100030111
100030112
100030201
100030202
100030203
100030204
100030205
100030206
100030207
100030208
100030209
100030210
100030211
100030212
100040101
100040102
100040103
100040104
100040105
100040106
100040107
100040108
100040109
100040110
100040111
100040112
100040201
100040202
100040203
100040204
100040205
100040206
100040207
100040208
100040209
100040210
100040211
100040212
100050101
100050102
100050103
100050104
100050105
100050106
100050107
100050108
100050109
100050110
100050111
100050112
100050113
100050114
100050115
100050116
100050117
100050118
100050119
100050120
100050121
100050122
100050123
100050201
100050202
100050203
100050204
100050205
100050206
100050207
100050208
100050209
100050210
100050211
100050212
100050213
100050214
100050215
100050216
100050217
100050218
100050219
100050220
100060101
100060102
100060103
100060104
100060105
100060106
100060107
100060108
100060109
100060110
100060111
100060201
100060202
100060203
100060204
100060205
100060206
100060207
100060208
100060209
100060210
100070101
100070102
100070103
100070104
100070105
100070106
100070107
100070108
100070109
100070110
100070201
100070202
100070203
100070204
100070205
100070206
100070207
100070208
100070209
100070210
100080101
100080102
100080103
100080104
100080105
100080106
100080107
100080108
100080109
100080110
100080111
100080112
100080113
100080201
100080202
100080203
100080204
100080205
100080206
100080207
100080208
100080209
100080210
100080211
100080212
100080301
100080302
100080303
100080304
100080305
100080306
100080307
100080308
100080309
100080310
100080311
100080312
100090101
100090102
100090103
100090104
100090105
100090106
100090107
100090108
100090109
100090110
100090111
100090201
100090202
100090203
100090204
100090205
100090206
100090207
100090208
100090209
100090210
100090301
100090302
100090303
100090304
100090305
100090306
100100101
100100102
100100103
100100104
100100105
100100106
100100107
100100108
100100109
100100110
100100111
100100201
100100202
100100203
100100204
100100205
100100206
100100207
100100208
100100209
100100210
100100211
100100212
100100301
100100302
100100303
100100304
100100305
100100306
100100307
100100308
100100309
100100310
100100311
100110101
100110102
100110103
100110104
100110105
100110106
100110107
100110108
100110109
100110110
100110201
100110202
100110203
100110204
100110205
100110206
100110207
100110208
100110209
100110210
100110301
100110302
100110303
100110304
100110305
100110306
100110307
100110308
100110309
100110401
100110402
100110403
100110404
100110405
100110406
100110407
100110408
100110409
100110410
100110411
100120101
100120102
100120103
100120104
100120105
100120106
100120107
100120108
100120109
100120201
100120202
100120203
100120204
100120205
100120206
100120207
100120208
100120209
100120210
100120301
100120302
100120303
100120304
100120305
100120306
100120307
100120308
100120309
100120310
100120311
100120312
100120313
100120314
100120315
100120316
100120317
100130101
100130102
100130103
100130104
100130105
100130106
100130107
100130108
100130109
100130201
100130202
100130203
100130204
100130205
100130206
100130207
100130301
100130302
100130303
100130304
100130305
100130306
100130307
100130308
100130309
100130310
100140101
100140102
100140103
100140104
100140105
100140106
100140107
100140108
100140109
100140110
100140111
100140112
100140113
100140114
100140201
100140202
100140203
100140204
100140205
100140206
100140207
100140208
100140209
100140210
100140211
100140301
100140302
100140303
100140304
100140305
100140306
100140307
100140308
100140309
100140310
100140311
100150101
100150102
100150103
100150104
100150105
100150106
100150107
100150108
100150109
100150110
100150111
100150201
100150202
100150203
100150204
100150205
100150206
100150207
100150208
100150209
100150210
100150301
100150302
100150303
100150304
100150305
100150306
100150307
100150308
100150309
100160101
100160102
100160103
100160104
100160105
100160106
100160107
100160108
100160109
100160110
100160201
100160202
100160203
100160204
100160205
100160206
100160207
100160208
100160209
100160210
100160301
100160302
100160303
100160304
100160305
100160306
100160307
100160308
100160309
100160310
100170101
100170102
100170103
100170104
100170105
100170106
100170107
100170108
100170109
100170110
100170201
100170202
100170203
100170204
100170205
100170206
100170207
100170208
100170209
100170210
100170211
100170301
100170302
100170303
100170304
100170305
100170306
100170307
100170308
100170309
100180101
100180102
100180103
100180104
100180105
100180106
100180107
100180108
100180109
100180110
100180201
100180202
100180203
100180204
100180205
100180206
100180207
100180208
100180209
100180210
100180211
100180301
100180302
100180303
100180304
100180305
100180306
100180307
100180308
100180309
100180310
100180311
100190101
100190102
100190103
100190104
100190105
100190106
100190107
100190108
100190109
100190110
100190111
100190201
100190202
100190203
100190204
100190205
100190206
100190207
100190208
100190209
100190210
100190301
100190302
100190303
100190304
100190305
100190306
100190307
100190308
100190309
100190310
100200101
100200102
100200103
100200104
100200105
100200106
100200107
100200108
100200109
100200110
100200201
100200202
100200203
100200204
100200205
100200206
100200207
100200208
100200209
100200210
100200301
100200302
100200303
100200304
100200305
100200306
100200307
100200308
100200309
100210101
100210102
100210103
100210104
100210105
100210106
100210107
100210108
100210109
100210110
100210111
100210201
100210202
100210203
100210204
100210205
100210206
100210207
100210208
100210209
100210210
100210211
100210212
100210301
100210302
100210303
100210304
100210305
100210306
100210307
100210308
100210309
100210310
100210311
100220101
100220102
100220103
100220104
100220105
100220106
100220107
100220108
100220109
100220110
100220111
100220112
100220201
100220202
100220203
100220204
100220205
100220206
100230101
100230102
100230103
100230104
100230105
100230106
100230107
100230108
100230109
100230110
100230111
100230112
100230201
100230202
100230203
100230204
100230205
100230206
100230207
100230208
100230209
100230210
100230211
100230212
100230213
100230214
100230215
100230216
100230301
100230302
100230303
100230304
100230305
100230306
100230307
100230308
100230309
100230310
100230311
100230312
100230313
100240101
100240102
100240103
100240104
100240105
100240106
100240107
100240108
100240109
100240110
100240201
100240202
100240203
100240204
100240205
100240206
100240207
100240208
100240209
100240210
100240301
100240302
100240303
100240304
100240305
100240306
100240307
100240308
100240309
100250101
100250102
100250103
100250104
100250105
100250106
100250107
100250108
100250109
100250110
100250111
100250201
100250202
100250203
100250204
100250205
100250206
100250207
100250208
100250209
100250210
100250211
100250212
100250213
100250214
100250215
100250216
100250217
100250218
100250219
100250220
100250221
100250222
100250301
100250302
100250303
100250304
100250305
100250306
100250307
100250308
100250309
100250310
100250311
100260101
100260102
100260103
100260104
100260105
100260106
100260107
100260108
100260109
100260110
100260111
100260112
100260201
100260202
100260203
100260204
100260205
100260206
100260207
100260208
100260209
100260210
100260211
100260301
100260302
100260303
100260304
100260305
100260306
100260307
100260308
100260309
100260310
100270101
100270102
100270103
100270104
100270105
100270106
100270107
100270108
100270109
100270110
100270111
100270112
100270201
100270202
100270203
100270204
100270205
100270206
100270207
100270208
100270209
100270210
100270301
100270302
100270303
100270304
100270305
100270306
100270307
100280101
100280102
100280103
100280104
100280105
100280106
100280107
100280108
100280109
100280201
100280202
100280203
100280204
100280205
100280206
100280207
100280208
100280209
100280210
100280301
100280302
100280303
100280304
100280305
100280306
100280307
100280308
100280309
100280310
100290101
100290102
100290103
100290104
100290105
100290106
100290107
100290108
100290109
100290110
100290201
100290202
100290203
100290204
100290205
100290206
100290207
100290208
100290209
100300101
100300102
100300103
100300104
100300105
100300106
100300107
100300108
100300109
100300110
100300111
100300112
100300113
100300114
100300115
100300201
100300202
100300203
100300204
100300205
100300206
100300207
100300208
100300209
100300210
100300301
100300302
100300303
100300304
100300305
100300306
100300307
100300308
100300309
100300310
100310101
100310102
100310103
100310104
100310105
100310106
100310107
100310108
100310109
100310110
100310201
100310202
100310203
100310204
100310205
100310206
100310207
100310208
100310209
100310210
100310301
100310302
100310303
100310304
100310305
100310306
100310307
100310308
100310309
100310310
100320101
100320102
100320103
100320104
100320105
100320106
100320107
100320108
100320109
100320110
100320111
100320201
100320202
100320203
100320204
100320205
100320206
100320207
100320208
100320209
100320210
100320301
100320302
100320303
100320304
100320305
100320306
100320307
100320308
100320309
100320310
100320311